2481270121
1461537033
961850880
1923389001
2186537187
4060014157
1359835348
3998113535
797289819
3169287103
153302028
189068550
559338344
1057982942
1984519263
547809241
1448954204
3839653270
2700625531
293373551
3279054573
3600282856
759723010
632456053
3327150969
2037772579
1920415799
953074998
3037052409
798694270
1417110651
2696248489
3142105789
2529256047
3567028531
2358842829
3350129588
4076123050
4106876496
754248354
4215609966
444308854
3465383565
1825824671
458416468
3840059880
914054716
1115503755
2922727446
401898025
3642867804
2944238166
3944119441
3795723927
928309893
3991985786
2799127051
4025105560
2457490456
3500187571
1684295586
792103963
362415723
22313644
3881007177
3880098723
3936552487
138874983
2907627992
1749543780
2744083866
1274251398
539793446
3438931255
1691446431
1585063234
1664216169
3857456044
610253094
3581364911
1310133627
1706376809
2228771516
2936546225
3499145443
3142958834
3797930923
2415983244
1436829223
1169352223
2643664702
3760562534
2498211919
1542172632
2498750549
3181190313
3245746856
4173283867
1394747353
1129008370
976913275
298070282
894890106
2620491155
1603729155
3424481281
1139836128
2995120694
3239023751
4150382657
1844067079
3891515081
844339534
2010127872
3709336522
2179956312
1791521550
1826752621
591995954
592120219
1167579451
1740078189
3350197704
2919218876
1127321765
256540472
401112390
1549964179
2484442106
3024539471
1756992879
2685814599
3513744111
3751247790
1232803681
4289537978
3898910271
3750343456
1812428652
3090258983
3965562079
3692411893
695339546
3623439834
57654740
2813530168
3116548188
242671363
1920166050
2306483266
2335011043
3379064749
3255941635
1915068489
3763839028
1949511334
2079593633
1106530841
1659203176
967386284
1228826947
1437938525
2196632509
2026860397
4209043734
1406361406
3092551213
2888794078
3946383867
2923683280
1905756527
3382626238
1204624658
1613225766
3956803541
2084916722
4067801731
58238674
3296775928
3943722174
710740781
545591545
3425633468
2564557862
3990360123
1459477088
2262071021
2824835656
3101166896
1705160933
3739665372
2899704086
3150604100
891670820
1756130061
2744743265
1065524180
648475284
3219246312
3577737270
3890959770
2703131304
423302934
2443340887
1381822648
214949031
1615337586
3353047039
3937168597
704930028
3623468948
160590519
2682971845
1531336579
549048742
2879430659
4209148759
915785683
3872903814
140530239
1895503901
4171185188
592053635
4043749462
2097366087
2819615160
1233267309
2503517435
4198105091
3744708571
3132144518
2216306997
2813684615
2432197840
2329783631
4288785177
2281010467
652576114
3189719949
3916288418
1970835594
2800754200
3372503519
1012397738
1284499024
3701418813
2333356992
2135508504
1410125455
674046368
368754469
1806479436
2126910245
876197062
739689135
2587095791
300123125
1651307523
1737094032
901684460
513081438
844424639
3489431887
376332382
2990548253
3704143186
3202963341
422315094
701344453
2301652370
882662979
1437030891
2496918799
3121483942
15702461
1276645350
929857276
3985894505
4029869725
761102807
2101965203
1716627213
3478752708
3525811003
3793624356
1135206955
1924527194
109149220
2502150449
2155529259
2585133309
2373122298
3296849643
1973019666
4023467262
627127721
299682614
44384328
1280325154
362474364
433936600
2279966819
1560200529
2255536578
3073968637
2836060193
1007548873
755338978
519792376
831837990
4247965472
407970321
3300259605
1283361346
501333345
606413791
3188839368
1067890298
2807338256
3663616975
46747380
4168571796
1223575002
4086533966
3712064534
3367035308
3160030330
1219595251
375791018
2098453151
3956616438
1740034569
3081409754
1730256326
359509596
3767871054
691880920
1026279551
4010413450
3567474085
1932842795
4120265440
4157959021
4213085522
3706727604
3822619530
3649025489
256394062
2429204547
502639058
1334055930
2942206945
128597243
1394467239
3333294630
3870628636
2002434985
4090379831
3577115699
2431260169
2970712704
1451850258
1514350601
1986867974
171267815
2430761957
821254355
1518982349
3362406983
4189518561
2971777116
4008029080
1497928788
3376805413
1712276626
3076052218
294018438
2197660762
2985592734
987016009
1337614321
1320415511
3418959329
3662408838
4009703317
2291266278
3762108182
652725908
275831173
3952782544
1910561714
1333580925
1501192398
1317697458
3768977907
3203702795
2331566739
2387803279
604989315
2988629951
1008646279
634792615
3199393828
217533947
3370031789
3448015113
3674316955
1621828549
3673123719
540457032
1177011052
1627025824
244075957
696618682
143081146
4157495628
1367586415
1236700289
1791730376
4033593498
1925443175
3360759389
3039764965
1499265242
1433706450
2742837681
2911079315
2707640376
1161986076
2777434731
3273248960
503138403
809261983
750677909
705415901
370868226
3392345724
252942314
83269700
3406083426
1504815366
3388407532
2383732251
216559823
3863054094
962531015
2517838658
1145213035
2278901030
136696944
3184858130
1811412887
3002313022
1827479008
121744762
399985086
1755771467
2125147706
4094324267
159866323
1682683402
3675905896
240860435
3665321739
1465668137
2129830447
4231632434
172929089
3983756685
1439401185
50840968
132899641
2068959961
4294700171
3246816186
4255768171
662656434
1047631765
660353935
898373714
1556758650
2982765116
1320745526
1959638272
1455446231
1417635406
3429871394
4191296215
3076965413
923502459
1173909860
1018335717
1942245920
3403111079
2929434018
1720826569
2657013798
268189907
3606425613
3725947628
3525810058
3060440539
51964220
2273896027
3097879422
3352266164
454984122
2224314824
778431505
1398441099
1685001104
4181807779
3518285580
2206686599
1991644761
1186877226
4151122149
3481483756
3240040064
1480937558
2856402879
180364939
2089951721
3194902049
3444692192
406084504
1397207592
315284438
820353507
3274215391
3051477817
1787999360
2787121892
316978295
1674800587
2128268580
3507756529
732033360
2034096022
3689442468
1778582991
3897326345
293497004
1329377342
3809591084
2079099173
58706825
1238564410
2646358568
2138010759
94677596
3941952675
2403399973
4126197914
3276084660
4081490604
699655401
1302924271
4283030594
900682379
3536184082
1880304893
752323464
1958944906
872055250
507410049
598144261
2631676146
255889418
3688403354
2022860808
3297622558
499891496
2528610210
2342779559
2742057607
4115463012
3764579780
2913510804
53201180
1586585842
3142990842
3870789362
3686320387
186245724
471485447
4187990525
2869441149
2702300711
2918315402
3041290991
2508003229
450171572
1161943837
2665926472
2146944492
2093064417
2177730390
3188777242
1774778107
2510070502
3499887394
2957830468
3343359828
3023137665
3936708473
2371502533
2973624784
313365577
2387786763
3442148732
1704094878
3733614817
3184219411
3432746996
2444676473
1040599554
3706486486
3911313402
3064039286
3979488465
2262293962
1956608670
3752575558