1953803371
1508761379
3874376350
1846249692
1524551878
2110040693
3284041553
1382195997
55969097
1441427288
491684160
2116315138
2127077077
638673793
1298591546
87932415
371009003
3341358661
3210286334
896405476
2700464715
1158599184
2981607233
910109021
2846952305
3591891385
148266357
4016878648
1678102623
300323125
1098076735
1741804402
854889863
695672957
1743221305
96102013
1000728713
3842389488
1226207370
3982985260
3912611434
2873501618
1260150353
89044285
1140148781
1399191449
4254130469
4241789608
2389139225
26486192
2834718085
602407838
2018731833
725906141
1967665561
158984376
3045497584
3300565136
2781748540
1246884827
1522144325
2850199209
1424005529
930099492
2033919482
113103188
2330779973
1596339605
216575978
642769935
267557861
285398998
841595704
2470087005
2645091878
2540139685
1560654915
2702078611
1758903471
3571163095
752440415
1469747251
1388783700
1541024884
2645651100
3492048629
1491587900
3900539858
2102702793
2542861005
3331490156
4099191262
1662153866
3930243580
3948634285
1276770666
2324940691
1977704135
1287227308
3361140195
3822840656
1034943454
1998776554
356129226
837201115
3872121662
3377997219
1826683209
76710127
1784582404
3837982194
3773117582
3260930637
3481337578
3194636737
4073615498
36906418
3068546045
1461921380
3314945894
820647752
2047126959
2392799369
777410869
3425489908
984500252
3654957612
975051196
1191301554
2606434348
2278900960
3356727716
2931750438
3392946457
2650874423
124717475
1491988523
2082326220
1085439085
1355495133
3218996314
1510593738
1748524196
3014191531
2656559979
1935133893
2038650018
420541348
3036703759
1832855807
2512278424
3767423831
2286827250
331835507
2411933286
1738417626
3153505832
3723013670
1165935220
2304244795
4003223464
1514814284
1808697022
2059821395
3965446381
2953975197
979589306
2392628534
2458511247
2714510887
2996741429
97827264
691306482
1114389735
3013651623
2994971610
3562584184
1768474764
4198132060
41297846
1858990565
4133213199
1993969599
2578670673
3573813083
654982127
2612108643
3052552170
319880426
3153995495
1672508277
3427041547
471758732
1028237891
435716181
1252549736
2294278243
2636706161
3388331588
1125017879
1054268139
135316134
2021061922
2951725512
580211332
1833358627
2338975567
1127036588
1605970156
3669311424
3370867699
540992800
993100944
1221564222
1392263226
4034821053
864716256
65718673
962378318
47190848
3273771547
1087276203
1949656594
2861415937
1991251137
85047734
2681756826
42836518
1098506806
3527929174
1177388500
572109383
1889756011
646201726
3531841828
2550259838
869062822
3754559040
1523437529
421990079
3763387547
948728553
2721515713
1456753543
3973950236
2270949849
4097646752
1759053950
1817093045
2344340691
4105394404
3249214011
662163173
3645992882
3836301000
736927002
1565766881
1639887330
1778074722
803913244
2047615801
3717408551
2361685681
3409805194
2824487944
1359815620
1281499696
1573682566
3292465142
4183141058
874697448
2826391131
2707564689
1336001259
1215084873
2469570656
1509843033
512657479
3192030080
2815130347
3359050912
1221806134
182083980
24550055
2007784927
4071228585
2136475704
3423478011
3778523732
781433474
124167915
2583936761
204978505
2130981847
1044797657
463180955
1856947977
2945411332
645139709
2758042693
2505109426
819914560
3910953089
684902799
2207209785
782653867
3721803645
2256396746
480689842
72719202
1997553189
4127392503
2049598893
4193708329
215503448
534339605
1660272584
3412957993
1957250176
494107626
160591806
337249318
3506397153
3914645390
963065194
1312144687
699600
3549999659
2927071659
1636192892
3395278904
3563009216
2018499257
2887864061
3418096584
1654523720
3465355374
2738855533
3055111990
950550728
3058186343
1009929833
3623566634
4294769849
2276006051
3888836545
2349440193
3631844178
738245078
1428541379
1422986116
622694367
2676816528
4257371151
880302600
4149392848
569670903
239569801
1816608410
1250922895
3037279937
716458777
3587818203
2195167127
2548737119
758616407
952319095
3535084907
1440002979
2069425661
2374229516
2441058239
3153527518
3107791945
1935209609
3291694772
1842584318
305822966
3482982139
157667575
2815371737
4206560277
297935000
2471014311
1407097349
490842168
3250692229
35838887
3995787649
2881645240
3215912157
1945589776
1687554395
3277887871
3697254935
4274895373
3171777847
3560680699
373325499
386333218
1832511017
807719375
395357969
3406414413
1074517859
1368041382
103417976
2204111727
1193274168
2003630914
3422815454
4210359291
155908466
2360292057
3067808078
4256162729
4287937357
3732738255
107532644
3160499979
439632890
2347784436
3119377980
4106809473
3369872503
2617564202
3892596155
388114015
692454283
469097827
2775912218
2157340528
132817106
1739461673
1991377994
4240675536
2028390628
1371248910
1066911440
1930807168
505338622
1618421423
3571777485
467996442
1360229539
1420525623
2996739415
752275783
1312678988
3867440522
2441944497
472807763
2296468015
2486524509
4273138984
2814314958
3102754526
2488396645
1818719992
2676097742
32545624
797619232
655279942
994200614
2505283392
3985971938
1343822966
2384437417
3311847567
198345461
3901769048
4223610574
2229553036
2273690469
2091433143
2046680207
917988641
2204404760
567310527
1693972604
2032755664
4039248436
2278474454
753743122
3335107949
3120034332
3687213550
3734580604
758593374
3232476643
2758799835
1540341462
167325017
2395988780
3340757533
609049260
3875427271
1682943583
1850185820
3435691003
1688712943
358595526
2710681006
3339250875
521529822
4114587966
2296165656
1542841443
23324882
2169377435
4023498471
3727567307
3970004768
4144027958
158364955
1328118985
1982046416
1993426380
568704208
285739067
2530241637
4084198998
2056501074
2754722568
2348294172
3214416756
2749349158
209369974
2879598970
1581000047
4087600393
1593097255
661941546
3488468923
3595783511
4058542871
1569905854
3254690092
2262640293
1185782194
1437766419
2887400591
1787070337
1755088674
3219943597
1147795977
2751329443
2614468778
1895938919
383705
1526792722
2733263541
4191632396
1147276781
1499816355
1511084524
2693922502
453540755
346338167
3938011177
41699558
1504918307
2826876677
2361941339
1599986144
3251784366
3404887181
1838118897
2202488835
400987622
1238476130
3876809873
339390304
1547620054
1826379974
919362500
2874761879
474250579
2897609097
2847631221
3970911379
4196261430
1070428983
600263203
3083051796
1897649657
3882930710
2426051460
2898886962
1923011029
2771164642
192559155
2551590698
1757888068
3595852642
2479974889
990202882
4220617077
2768013180
3392278120
2050296591
1517807436
1011251560
2148343168
1038165618
3623526595
529651720
2032871864
156589537
2761723113
2550853655
384650876
4037959654
243477533
3741874859
2770174589
2677900773
3435643332
2994366089
1721377948
417580155
4057633208
536502408
3401953463
