1150706766
3043475175
1844958939
549888003
872460344
1441025307
1769305727
959686015
3752563012
629589045
2121586485
1768852401
762807965
2983622449
2475940253
2103914344
772296571
125733152
740110123
3240218860
3466515525
1497661982
1013322102
4216599963
2673264797
270752576
2522738351
4208932615
17609682
4106272203
391830741
682899707
254235503
2847647535
374016839
1830721061
3092514859
2031906233
3167763243
1605628638
2271182729
1729726772
2032165524
1067238500
3541666429
3478709195
3641950321
3853483856
1821273975
480398166
1580541488
574544391
1933761972
3448769822
1082813790
802988938
2428804515
2538001650
607271114
427613698
3019238718
433858505
2903063381
3315132836
377100757
197369897
435432546
2278165860
526014579
18155629
3764751766
375228806
3801118152
4038764262
1118353944
2440397237
2707871817
1280911661
3444358663
3299386263
1756878099
2313133292
1649898056
3564468201
1833039455
193510721
3603094227
2404021728
3216585497
4216113111
551198019
4156737936
3549349942
3201868414
677122272
1557123449
655461609
1520164247
2892805110
1676985436
812368329
2530200735
4165124651
4291059516
2693768789
214434664
2648637836
1068685801
19697100
3147024176
2343336985
189388616
2603582526
4039285870
3817809351
1611401639
2819966689
4008247691
2282376514
2243500815
2824544492
78745129
2091591895
1362614096
2849649033
482658567
221700336
651665214
550682342
196018030
2609080921
3172272456
1371470302
1502300512
94044768
3719622957
955480041
3295557622
1634518567
1831158817
3432712240
2328486137
3298777424
1732958449
3663123628
368798456
2327964467
2054483227
862341341
3602195314
3750613310
2558957759
182720632
706602568
3199751695
677770058
1688831029
4100470676
3896961119
4105625331
2105220366
2036081272
1457148621
2458882153
2812998713
1371494618
2115595546
361248409
3842750743
3762803861
1140738133
681451441
2243907681
2512568185
2900208848
3864183793
1001429248
4046755697
2747364226
4238291308
804891579
714830712
914276707
1221939094
3230627302
1507762807
3443279535
2072495828
1786569767
3934471294
1834361519
1130024531
1235424103
1321240624
2290226324
1447319076
4131090695
3315654752
1515504660
3568227321
3234599169
4182632322
2572129978
2538228985
1267500652
1802114975
2073234741
134618684
397042760
3515029555
2834836805
3481827376
2613508432
4011238801
1565132244
1600807426
1917258846
940927255
1071663122
1009840364
2322021315
4145338385
4251996552
111648811
3752072612
2573585518
2021847443
3167255365
4063903621
2225625448
2761889429
1730977334
384768685
2616410872
3050395686
2142014932
3155977937
3769371346
1463571935
3649120115
2771012693
2753034590
3359001343
3895515013
2567797735
1318056850
4053304953
2086733324
2281247226
4273107436
3984049848
1780778287
1406371789
2016449604
1213716960
773396029
2360037097
3929950073
4009588312
757558813
3535870580
410109047
31590899
3471323590
3486071817
864041318
3367525397
2321299815
3737986903
1940737596
2145779468
2461887096
2928432310
3673920200
1159801665
215782349
1541085743
1228836649
179221114
736690545
3700540784
3159181252
1431601100
3136518328
41455492
1634392925
3608978554
2447015502
119248377
2479441851
942463454
3252896949
1824876221
3004274205
1130705704
2952565574
1133625037
421615248
3984764123
2954983870
3072327368
1043307736
1631700703
1309245009
3993483621
226121089
3345925076
1176088110
1645290409
3004097495
1680977462
2103802230
2953305871
2311966973
2569654041
229154999
2884916885
4239139906
383738180
3940066097
1464428401
973045110
280753037
1998392470
3641319008
3727681496
2618762806
278991401
2311912009
1413593861
1105395620
1130060103
2742885846
1534228366
201221341
2819610242
929041724
3733775548
4260486051
1880988623
3843272301
1578921601
3584576800
2239402106
536654684
2657187779
54033671
2935611191
2730136061
702716626
521991551
217064458
3464292344
316202062
29055991
3498307759
819621955
777076689
3155265126
111830483
123965585
1017606290
194863994
3317648789
135271016
1430924164
1490494605
3721940970
812942579
1920904895
2113424758
2375743220
1415427131
1378010706
3797067303
3770284554
1500265381
956800130
1681195835
599454054
557325392
3906048500
1450195709
3003153856
2964609456
1216802521
327345636
2461652282
3859277113
512828418
290067359
247351472
2874128078
3657516531
843096838
3532264753
2703411068
307822948
3123137298
3968121127
1293787440
1503997341
891732436
2245819702
3892131754
2491351020
3047758227
2488676108
2851857495
2355311498
2228575669
1476044066
3991289439
3329526536
2550283553
3945651438
2470546608
23765044
559973884
2651703103
3246016326
1579511683
3076924418
1204594425
3966728302
3377532188
1904890575
1445817854
1511043437
4198869125
1386542852
1770662513
815559772
370319857
4175547095
2275560901
6357186
3116369476
3754517576
3555004942
3546827419
472822121
3708583117
3012811242
3598907085
333603506
3378279098
1164339192
3927589625
3002897073
3084995326
233582305
3829977872
3953052704
3638173892
3057577918
3822803075
2860295862
1200348680
3000340873
2226268031
3588415375
60335567
2896197102
397699380
1029692776
1614866856
918056751
2225048714
2863254282
398056171
1698451234
716291871
1462516584
2470533703
1658939289
170714317
3533744780
2952755313
2174487498
169994380
1585103052
2388465584
1753961631
686075949
3768968313
2273047286
2351936274
4251814664
971126491
2573125251
548042733
2390453650
1890113011
105617151
1273132714
4267924798
1220937632
4056298154
3333897207
2608251010
3897612497
1209633619
4178429587
3106265232
2205556622
241326736
2053741258
2208815758
480295888
1808826209
4029723963
3627294335
643925155
2230111733
3184416646
3188407259
2747449038
3895893784
1754515080
278027838
3471115036
3515735591
439908207
2121037944
4275328697
96373106
2056671081
4080385532
1044341454
777384148
934769538
3511324679
4219636205
57803966
3530132212
4256961540
1255789040
936666739
1494032608
1428137062
1178020285
325535639
715153294
2262583299
83779074
3006307551
3414275695
2017664373
3945760199
1109289113
622943863
2038966127
1232247790
1717236000
1312559915
4149355702
4047458846
157878154
643583775
882362805
626089847
3663045326
3606289921
997715116
3002110731
2468178671
793075333
3725170084
2562072796
2233171983
2056578198
3080527793
3030569568
447367669
3882218428
729550357
1863431251
1093797637
3149772263
3515327345
2097441504
175477866
3650399545
4037279968
2294069877
1561802355
3052052374
1351901788
3078150433
3761110062
2260023659
468409996
1856482162
2046944549
2807960222
497972888
191809836
878563794
66393594
2275220199
963641045
1322292306
1541822533
2765259880
2343464059
2796454317
3703418376
1572775604
1992660030
3752642582
79828185
3847106265
3797527370
4062797728
516610314
646669566
2098659676
2704972417
618115462
165707173
2612728587
3550850256
